13.30032710740386	-29.26080252146419	-3.229319607745789
-19.19150938284652	-18.33988169585367	4.103551606833889
-10.78657751413999	-4.635339141218087	1.020693758083335
2.115559617243703	7.803090817946938	-3.08167274575673
29.31741581610417	16.41127357427033	0.2087590808980468
-3.235664810938453	7.151366344885735	-4.000493940617749
-0.6480828916187896	9.528717900626349	3.260353629710278
-16.15924347438848	-18.802369024884	2.846182743553232
-0.7266618521883771	-7.795235249539768	3.465322344424234
22.53362940051645	-17.02588114910752	5.188182871556009
3.866188427852635	-8.236518324026823	1.529460907867227
-20.23713712585179	-5.415124130435171	-3.031730552948905
-10.78627967247752	-17.02857311903513	2.496903439657618
14.42329749623328	11.86297679496901	-3.371826827526146
0.5238551641349716	-21.32327275816331	2.593053731508594
-19.05181416100821	-6.746234287554412	2.540291176038041
7.81409486811659	-31.08454557172887	-2.406500472593961
5.332958028325828	0.4450189357158186	3.967403029510782
3.875195477623304	4.414017571415632	3.464355907728938
24.80600312408038	17.52524265656292	-0.3116820926310754
-13.56664389804939	-1.864990569092553	-3.870681574940655
-2.073504073219463	-9.25838700477046	-4.597047778917454
8.225044116471015	-22.44500693892999	-5.246386511856783
-11.16380085507405	-0.3196434284559526	1.770548599073591
-3.933944634208348	-4.665034211054307	2.753154108859584
2.694920260133115	11.61137452614483	1.043340896535603
6.400153462402204	7.671309443376906	-4.910742480447425
16.7348012547479	-25.25481654759403	-3.976519882399509
-29.34872971195744	14.84252356146432	-1.67654513516477
-11.5470287858042	-14.19172116112912	-0.9189036668278014
-15.07889429447226	9.684287743270461	1.350319987814855
5.137337556341439	15.30139450919831	-0.3252880754414764
-0.8989264838865031	11.77930260128341	-2.182314875768445
11.76768996640999	-9.517399842012635	2.805794004024686
31.06054809801294	-3.910223962413141	3.211076029762786
7.072868493432003	25.96532891159913	-3.664350100932605
-2.017298600729823	-40.93026558188756	2.613989755278537
-7.05746215214037	24.56877765706734	5.632372737629376
-2.244853676249935	22.49034794485149	-2.324372541206039
4.164135854877743	-7.448617879115052	0.1027688568921875
3.190583320427914	-3.06207760469971	1.757810465339658
31.66570091871641	-48.7086929913585	3.463528898218692
3.425686708884228	-21.09174630120391	-3.476716453395763
-7.889527621539556	25.90494223465228	3.147949001612042
-0.935833425680347	-15.37669563163107	1.963142874883541
-19.6068303189247	-15.94294747542632	-4.803896084148548
21.24413259574257	-1.068034458765729	3.960878373216923
-5.122801295854194	13.70409551793683	-3.561708756582897
15.2865376079921	-3.709210905153186	-0.2888970820235059
-21.1935851671268	-25.55834435736726	0.7028202794026843
19.43735566064767	0.7331269287969513	-0.6226261293513896
-3.365429213596361	-26.78130899285899	0.7948070752901806
-6.287574415653878	34.8841530837124	-5.299618331855226
-8.642564478050804	1.029049299145065	1.563660635612899
9.706511040124868	3.162179591692781	-4.582986875251081
14.61995761129084	15.09081032290111	3.858013974735436
-27.66165503030631	17.26369209396673	0.7718210216145361
8.532650267752004	-21.40840034605922	-1.709144490119088
41.70816070754136	-12.50137849673616	-2.067369638430095
3.05831554890653	-8.473908383958273	-1.293614466022676
-0.3739543597215962	-18.3764175463467	-1.128829119074961
-34.18576010921969	-33.48320053806558	-3.207804179331203
2.586607992509393	-2.005670686298813	4.875216158293052
-17.58604344855995	20.91595899504568	-4.953729481995018
-21.38162625706786	0.7886729829475851	-3.033489535190312
5.559840519446708	11.94949917010988	0.6971375298219512
-24.8102702196685	5.664275206858515	-3.376972234947892
-1.324264962784826	17.96251034247746	-3.764735360723041
-3.083770511159754	-19.40087960027316	4.356211406551144
5.783992693526755	33.60316026755552	0.3647411728743357
-1.226639448013102	-17.22897975556537	-2.397187106963215
-25.39788527144106	-41.70358608723658	4.25447239996853
32.65431944457874	37.12818522821168	-2.296197961550121
-3.915302615612778	-28.42354281120929	5.602885972894796
18.49123722817794	-31.34249393278743	-5.348006801167603
19.55367355947421	-12.36287952763967	2.776835843408376
-6.381736376835222	2.571710439538489	0.9887674431315562
24.08273373306758	-8.872209479845997	-4.583879022207141
-11.23928443500792	17.20199381657816	-2.784909667260941
-11.38884448115702	-37.98365842257597	-3.040645223343708
12.11817076182922	17.16403404101731	-0.9933015119285523
32.00577073823636	-14.6747556737621	-1.4761226073839
3.175618437118646	-5.70837680371479	0.5978320112451039
22.48491689846842	-28.94939443096558	5.870467361062975
-15.82405781326806	-5.062935047363971	-3.322968487488068
10.88071754258111	-18.37249506274236	-2.946072109369505
7.167722476227108	-4.822274898365023	-2.473835770692684
32.82116717165268	-11.91608296143806	0.3281070413532334
-40.60925102392312	12.92548468117604	-0.2776839021590973
-21.66705959690735	1.814540983131143	1.519271254213676
-10.41397462226455	10.34053017604167	1.554316190164621
24.61101221535424	-23.28538122531065	0.3764377553016389
10.39936621231013	5.213615268375619	1.404201330151465
-42.60950670535632	-19.58647122331886	-0.4442042802459825
-12.84524883134249	-4.222375974757605	-0.6620977922342688
-16.01228162767259	-18.50645460011357	-1.674974761623845
2.96191980792189	-10.1747712512963	-3.548091477993992
-32.62172625036867	26.20651896051142	-1.922363302437658
14.58429336543219	15.29493171675116	2.337517949938714
29.79886587997883	-21.24216357707033	4.101518254447562
26.95903306207621	2.046699133654974	-1.379563037957962
34.41803215122813	18.41227821400419	-0.7345551378094192
-0.6443246938756194	17.67835328089919	0.01892693997348557
-3.256981890741972	-3.964636658923682	-4.725539531093079
-14.9277979449369	-20.26673507862709	-1.533656903635773
-6.020258341542601	-0.5960598879494086	0.9612420205957656
-27.62575577427569	20.61699975193436	3.685554846422745
-11.89563517710196	2.323707838216692	0.4739028201903415
21.84538085209263	5.412808856181717	-3.557331486558632
5.313012089906071	0.6741327493452707	-0.5013480467256645
6.94379936167965	-31.3653577543804	1.916367110423677
2.776738446624861	7.810446750884847	-1.485353928944108
-24.52864448470096	12.25240670023455	3.468461632449182
-0.6584625841118243	1.874655251344289	5.419550161203332
-29.52799472417605	23.08878230820443	-1.95513932872568
-26.1551589154641	-27.88394186692342	3.963554978417372
-6.849899559374691	-28.24523875256994	-3.139065260533099
11.19089577505353	-5.103135368087903	-5.408820490352937
13.2403100466815	2.621941897179525	-3.785760434018422
-36.00549539215838	30.18373186108685	3.182462253654308
-15.89903005370866	-20.56240642256995	1.965227133128565
-32.37909233146316	13.25329534192587	-4.93394261207428
-1.43194173830553	20.26502321655938	0.7993013266007891
11.89075298933248	23.45614439309552	1.811868403246459
18.459211343108	20.42391509991128	-2.041530589666293
-9.596750780753665	0.6340274634772032	-0.0725243319291225
-31.00733578340244	-3.829754729149919	-2.890743199829091
12.30440224516204	8.950827273121043	-0.07310457890848314
1.079576030746133	6.401250949315305	1.405951288994342
3.105769993830686	24.84879944021814	2.635079947160509
38.13608011989913	-4.547878254717105	-2.929340993799206
-17.42301210714445	15.11542394845739	1.124654111499046
-30.99114150307245	5.057986762700569	-2.353506036754754
34.52721048761267	10.00890174931838	-0.4722106236963542
1.140730760898495	-8.360638755327559	0.7862349893430157
9.735226868744981	-14.19257396445613	-5.377089075045403
7.892427084874061	-15.47264671125469	-2.132962300255941
23.24765788172357	28.35609438805873	-0.734414691524549
-24.80938986940305	-10.30047318032045	2.423008634150193
-22.06907102563435	33.9350718193222	-3.970820007426513
24.39443041221271	-6.230462478986039	-0.9917991570197486
28.78783260574563	28.86760194664712	-4.282856741919933
11.36483431798409	-27.47478835619972	-0.13049596380436
-11.89922167109324	-8.175560514489199	3.49061653702523
-12.09515198389941	16.47486154120394	-2.869999606674535
-7.709142879024189	-5.752176571078597	2.391099056694645
-5.081142749823629	3.690512139256774	2.206419898616248
-28.74840277945482	4.324474106821485	2.080091825965908
3.045332801947592	12.87131268675459	3.213452176330521
-18.31405770270976	-30.46409404473365	4.736736480146412
2.14250200297693	27.03707827781284	3.254282233538116
-1.820407470036239	21.32277227858921	-3.802218035375755
1.578306664805906	-5.527760633360529	-1.908734707487799
-6.433409634931055	-28.00727618616066	-5.643851495673753
9.817990520317187	-11.14108684081568	-3.440558699239167
-14.70942453565068	-0.7051313936243027	3.534811768168485
-32.41700442750062	20.44305053157704	-2.612169211450847
25.29992733001705	14.72477068742698	-5.043259856151391
-8.542219051672161	-2.122497736802312	-0.04014299162670742
-38.12949469215263	-26.42338698585501	-0.4694032159634696
-16.02906144149616	-21.6822810082234	2.366180238686513
-27.26377286580379	-23.5379396773874	2.572081470955201
-27.47838975316907	10.53527861349291	-1.290493132732896
-18.08387343645965	-25.79713964248088	5.410683816345399
-19.12117499536903	-34.95782468104709	0.3752207732294203
12.21485753348132	-3.460922347288759	-0.005462499288803366
-7.583463821001347	-19.34097797195509	-0.3015504398847944
-12.34903042186046	-2.891673512849884	5.532228433946096
0.4128026675897787	23.33586811940213	3.62156819449737
-4.823164166882634	-3.531112740841042	-4.027797449193812
9.203537383396799	6.702042439673021	2.312035609595508
-9.999502292228824	17.4401580547913	-1.499809565301883
-6.793708106270145	-4.875215125130465	-3.630913319345634
-3.297325095720615	5.670476140547236	0.3862442593090367
-16.11220303522431	-7.498767089750652	-2.759953194064811
3.914142058230945	4.392595708975598	-1.876884550135705
-13.03588538449242	11.78403435684734	-2.449712138296929
-2.522295173071454	-1.58428176860342	-1.298158601298942
-1.195357194868818	35.56372186103892	0.05424797488378166
15.21504504396571	5.297068058233577	4.898927417909778
7.628550054179622	-15.14328353009174	2.17887511071746
-42.96445571021174	16.68061597566084	4.09217871055002
-5.364904860733119	8.31878356165214	0.3681191175245674
8.813444485188425	-42.24288966702434	1.847174833062966
-6.813256539637667	-1.121526401955709	2.083692503580975
-8.770873935519779	13.28743926691822	0.5772745940368578
25.63323236377891	-11.83277416289781	-2.884860426466921
-38.129775583743	17.48336550663227	2.3524940786882
12.13877781517784	23.48946826527915	-5.11497886017909
-30.56401628763458	-43.99170771595131	-0.7453655588440965
-33.32378371898064	10.24875396313168	-2.194687551446181
1.252721078926695	-19.75529438545938	0.5388545765541461
-16.33552584853045	16.85619039442351	-2.777226526522961
-26.21096760011251	6.235188945010302	0.8679258713033757
21.41825911663485	-36.33052492300069	-3.560673137335104
-0.7727127142716056	4.197817589529129	3.275111333560274
8.856863611610621	-36.78809993895711	0.6935621967539389
-0.7364960397594462	-26.79554508836102	-5.572052072500848
-4.782026442233531	28.70754731274194	5.023861401109396
0.6016790308519508	23.32852189862193	-4.062429861258659
-15.12617769902567	24.51956825661535	2.965564529830427
19.96609252430493	41.60547256055241	3.04365513958034
23.02314639738823	21.40197465554852	2.002357209660078
-38.07545660380383	20.97454349058658	0.7218668434769229
1.350604182435068	-3.859661090420278	-2.130341918813211
-16.85718586798766	-5.000006001768649	-0.2080436873251095
12.29414793471798	21.86447657439833	4.203209330188002
33.26975838318445	-6.414148446451906	-1.584667068580124
5.357611939543864	-17.27996794302045	0.03905490222386129
46.79657719889664	10.37154576447781	-4.491407885495442
1.148833380965848	-4.840589643921687	-0.8587574353441292
-16.58696779473615	7.005743968393667	3.087728861300158
17.38963431534338	17.62783642159759	4.195592797454415
0.3840874862859116	-1.883581319172094	1.768245517695315
-3.911878493195398	15.74650478870571	-0.6596542790531641
16.31536360466854	12.89699000883846	3.115399262262617
-23.64385917647675	-7.32606300204069	-4.181128690251949
4.808960953401618	1.897952033765471	1.858419453305776
25.52816168135013	-9.300986041827326	0.4958431642967984
-2.383109217789114	5.171259187068652	-1.384439326776255
-6.485595624893675	15.21296781026743	-2.563054913329033
-6.134894926147559	-22.48718634871763	0.270184651715791
-10.64254784048518	0.7425020297523685	-1.693272360321093
-18.46370273665523	-1.99638961115852	4.985415716748702
-11.2634650954979	19.43107529887944	-2.261293684551528
-11.62382002151564	6.545534635056102	-0.1358298008794144
-1.187540816701965	-14.27998663331388	2.049953457107526
-18.33731105332294	-20.13571564536553	3.738184511708091
0.1406142908613729	14.69690993693705	-0.732889783801548
-14.49577399119746	-24.2456599715165	1.911431469954653
-4.118874034658386	7.162056156061741	-0.2671485401224405
28.42076320527076	-3.057044466026208	-3.923875472927555
12.32970277909181	5.944648067653482	-4.354736416134822
-9.640720275510029	32.44912317455682	2.658702427986853
-7.862779866996925	15.26822435609062	0.2036073473748516
17.73387652258409	-11.77188281863939	-4.580203122179902
-29.19822953143079	-0.3383221169934938	-0.3038510838058452
-0.5122456687038143	-6.933951677894156	-1.752352218376514
0.387563523417199	6.936851591476917	-4.004019343433922
4.035940111940753	3.460246941773076	-2.367293213494309
-0.1872352466451893	5.648868538346249	2.109312220476619
-13.14164419211406	14.52991147614052	-1.500613572401677
5.039281696267366	-21.65385779901439	2.2819092931226
-6.855969606712572	9.340110546862618	-2.612743471330013
-9.577377803157678	7.994424222363343	-3.858002192946375
-52.74346804046083	-1.461709346948058	-3.253241335321162
3.646705993032175	6.546074701705691	-0.1528493532446282
8.624465733300998	11.95121162352102	2.628146227123054
-0.9031679378821046	27.93982971715728	-0.9364090435670747
-20.97402275591172	-12.37594984048097	-1.906945719150764
12.96758425883048	16.14528453857628	-3.068660570215513
-2.584721298562463	8.624664176860712	4.054290706524815
-3.438054250366952	-3.3916197502989	-0.9913535425440215
-20.39788391855513	-3.559027107339286	-4.404739851970214
9.475424968032032	10.66470235469758	0.3951070550828797
19.33703654403757	-1.245854211691726	1.791638250695536
-24.77194565795336	-10.91843710057434	-2.724482445977609
-10.80943908882289	-8.638411418581734	-5.12799466373385
17.84383537699465	8.024613130325552	2.084412674605898
7.693005028413748	-10.31856565033063	3.447697674156994
-4.100070340652101	-19.65582067249386	1.821575267426803
9.811829533567289	-13.04688438046761	-0.502920966595397
-0.2145314571913684	7.907601132662646	-3.016307673417132
-0.9155549288729401	8.862291716599563	5.387968079932052
-27.62658321978432	-5.469288567407092	-3.891469847829984
5.906666318094501	9.502614887524242	-2.099795432388869
14.11137135494495	-4.598903795611047	-1.730545288138114
3.724834020948149	-4.464770005131022	3.148212754726334
-11.87550254403624	28.89729396775264	1.501978551177408
-19.46216352386421	14.10493760281222	0.009861354949005169
11.50814760853536	10.40051614074054	-2.17626088312846
-15.08980402052373	15.49993240782071	1.07131981444546
-3.238251216523587	-31.98850759109485	5.12868830943475
3.044089441560504	6.183098875917276	3.521370731992639
-5.808431270764819	18.82863761973547	-2.623448349256145
-13.4546811928971	42.75439356970475	-2.221726473700333
10.73472674582124	-12.15103948060425	-2.04616907918821
-0.3163736888672928	-7.192182582570263	1.313802904076862
0.0005773670506442827	3.459506697720188	0.6240572007373826
-27.60837408075928	-37.50325655988473	0.3315976634155249
-24.59290008563556	-5.256621236726766	1.844930329685993
-16.34397366424069	8.408230621880138	0.8066493517720621
-27.94291352168596	-10.48295535841035	1.712767189368518
-8.594703077803963	-4.057125743897646	-0.002012544451181455
-8.775916066626216	-0.3488944420125717	-1.385864304238882
30.62479542982745	11.41475242311186	-0.9937385476660604
12.22502875020738	8.112040207907716	-0.6727347316221189
10.20752234198155	-10.69076240994057	-2.458599863341046
9.36284723291182	-4.54095441289253	3.873938461905337
35.41793038924266	15.81684249332194	3.611585122579586
-0.7291179249992409	9.290476667834387	0.949967005476458
20.75218188911682	5.19238151973123	4.774912819545792
-10.39372299723312	9.673193044867165	-1.671852313680622
30.25558406170432	-4.43632270158267	-2.367770666768689
-5.216357772005801	12.79536609505284	0.8697064234408998
-21.59415505011658	-1.258629328897202	0.08690210930069783
-3.778025171533156	-4.926519639650496	1.06915398472929
-24.29187557799741	-1.736044487077511	4.04070569910098
11.2835799343885	-13.90044421376653	4.691408609924923
9.759652022272114	21.7834944458213	4.41689725047908
8.34280840004778	-7.059862301917703	-3.348458346445092
5.340149432793439	-7.250671992683875	-3.911379150161688
-17.66425801711185	-6.688984839152557	-3.826379975117749
7.211413619946747	-10.41202713097415	-2.984857529634686
-6.322375282086393	7.152414692426021	-1.781582998856721
34.6020228961478	-12.00396484150534	-3.506836848100695
-13.01140531585546	-21.15177560336938	3.113527906360167
-12.25512417284756	-2.462189172860034	-3.364966003457172
4.369924331642652	7.353136064298286	2.423534806957481
24.01723662260935	19.14615042516966	5.036057920940191
-7.050422150362309	21.70414037560054	3.210348942084291
-16.88910755948141	-2.214523294800787	2.453175889514413
-23.46979032605872	17.46203303928487	3.489721383619953
11.81061651995373	2.248244695039671	1.364779483713223
10.05312619581814	14.63669042596549	2.277831575180976
-0.6029595797884034	11.77508425265535	-0.1173112630845281
-11.36288821203648	12.85226581441249	1.659704887214969
-13.95007831407735	29.11737898672049	0.1937248507512753
7.266116260550607	23.73243932253624	-1.983205242548061
-0.6658405384976387	10.9599878211041	3.507209865329817
3.287825462641163	25.4030380413869	4.675494925864208
-10.00201349980171	30.47954417290145	-3.634910820331315
7.155501390993552	15.18544301525688	3.45649760481896
12.60566458660134	7.180885642161776	-3.737586398189874
-8.352007922902544	-11.50235191909574	-1.840422683814513
14.70463072992836	-3.039596772193625	3.801986152352792
3.182120845234258	24.26160160312514	1.681087027443732
10.17183190667981	-20.49291730397355	2.095009386772373
-15.12430963357982	14.68800153862695	-1.382142007024979
-0.1941052186769022	4.325658114999476	-1.926508525153658
-4.611065388331345	6.56589540708784	1.215745477611168
-13.79311598809448	24.0220644323618	-0.4614996631630465
-31.12217149701959	13.56008341843236	-4.072268978366673
-27.65225955918417	3.196818113792474	-1.423710473580478
0.01159043079251763	28.3867927890267	-0.8317254572174231
7.793329541105832	15.91993719059946	1.921765627106686
18.72559649269067	-9.882675116090223	3.823594899289389
4.019503346551077	3.184955856343849	3.127303464617461
-26.14978974666406	33.70913749299884	1.165950226271683
10.03137310212455	-6.324379501305496	2.748441269667703
8.742507558455708	-35.47267561992507	-3.380374790635011
-10.5944708204829	11.19999218713482	-4.127310669002985
20.02608762243772	13.66438450007673	-2.713712156564013
-37.98447082494368	-31.50629094913553	0.8606842715758555
-13.00199781018314	28.20351225174947	-2.210835859645139
-14.17799966307353	39.81637094239717	0.8883392693008082
-16.1497946504035	17.65882633337731	1.536889648530724
1.817709641950116	26.97250813655555	-4.355544318864003
4.183378172898459	-15.07589631136495	-0.4346871037038151
12.09073723070343	-14.97278706389448	4.301061350712493
-21.56598963704837	16.17153675858865	1.123083460749883
0.4401150389567957	10.60875469655732	1.07702411036012
-21.56730712130647	-5.978946361830359	5.425691317906538
-8.688781777629671	-11.20413010315951	1.743739580083558
-15.2289660575793	7.397218077163978	4.705398721573945
-22.57287540109823	-12.12947635296701	3.105056372051873
8.918112285947581	29.71503517427541	-0.08902459261004671
-33.92288397550532	4.886669314792285	-2.167114299070114
-2.255510195717064	-8.691210165759509	2.522633164981412
54.38526802882716	-13.39302913974989	-0.8383146124892112
-1.456645751418471	30.04487998159634	-1.072182698967037
-8.80295502771599	-4.179649242665743	-5.844675863068408
-7.83620506054725	-6.463479011226467	-2.38240544209251
2.983696311945104	34.19558771625154	-2.636929386528287
0.09956118394605962	2.51503848033039	-1.117188841896271
-9.184288340807051	14.25272616469308	3.061232087202257
20.57314556990787	23.1844056699893	4.785994844278301
25.03817211594329	21.06250062449819	-3.142178649315432
10.3132879443932	7.777575671393537	4.45356347276826
-2.646757473051528	16.37129852133822	1.104767214832708
-29.61715467628061	8.131188335549558	3.499355276767254
21.78013076651873	-0.4598457326644616	-4.071434311754886
-12.89061345458055	7.187174036959014	-5.572627370851155
-23.84601054680485	-20.27776193167068	-3.339093176135896
-4.092249893071046	0.8203870150255902	-2.582162401126763
7.180740973819071	33.92712443973883	1.405870448797841
-4.422881831740986	-6.97211992400696	4.235241374792401
12.93805661248075	-10.8622647562993	0.7265046710613681
-22.29536993359225	25.38887280714691	0.3707743731327705
-13.67411425211496	10.30105923507361	3.492179831303491
-20.74402760076281	43.6916308770429	1.590442815469639
-10.17717241076729	23.74855970172181	-1.085082316957481
-8.558606780087802	0.6334779208990536	-1.171683658333671
32.15393850249205	9.688202910963863	-1.882696011336478
10.28741545788929	3.725500078266733	1.777697600144944
-8.449932179739656	-5.694333157269251	0.164880663435966
5.545783421909527	-2.40903141410068	5.412663297029283
14.57049706750563	16.92154588825009	-3.237907274393466
11.91183997145841	14.30477065248436	1.152536676870816
51.06739530093044	31.37087596738676	2.587202999088853
-11.13026791266138	28.97603570665308	-0.80036255791782
7.983459577150713	-4.799286732496567	5.090155815286613
-3.39735949952169	-16.39150132588089	-4.995997036388085
5.450211205054165	14.53945632833041	0.6761847802904206
-17.64992684070027	16.01889623277839	4.301894406462064
10.86884721452323	-1.823629093263416	0.7884480055888933
-4.324281499814359	-17.04734168304083	1.391274434048877
-24.08548264992413	-0.7390215832745148	1.731626383867021
-4.350874141417362	25.61363409589941	-4.405100425193091
-2.953975601447974	15.66362511194269	2.581038385769382
-1.983610405353734	37.78950855759872	-2.380547498166451
-5.071673199255424	9.345396252908207	0.2721385858953502
-1.876179609959919	6.919751490605989	4.300064467499118
-2.808026145491617	13.99291054545887	5.198324812483112
4.095163496863094	47.78777427757193	3.438920064829339
-1.633458375139272	6.010052069462839	2.909064281452455
49.96671782485165	-3.760616073896889	-3.120874652312911
-36.94923248845181	5.264986965153068	-1.643026509927641
-7.725677788536975	10.92484664255731	-3.953701415658088
17.38986020176626	1.529368561552821	1.034105222579175
-6.743288615625432	-16.63720608814629	2.222715116478637
-5.976162744965399	-0.7634362318552981	-1.207887197751628
18.68482341375169	-4.173560849670261	-5.33317704438259
1.425240423064508	5.337694431934199	1.456415707292114
-18.59231690037997	17.8984249902429	-4.595835689641792
14.56206891741543	-9.723527587996937	0.5103000703267286
-34.54653930966798	28.15452522728645	-0.8832912436687494
-3.963262214465046	4.927647539274679	-0.06639389288600712
0.04910878143269132	9.806577695720206	0.4028774909210461
-6.267065437883163	23.04297496224757	-0.7986044309566929
-33.42407844774438	-5.205769366165786	4.41870919112093
-0.5501678638627184	4.000665117753388	-0.03111392580878124
22.31380489584977	-7.477059376239934	-2.959809089452099
3.307859601406482	30.51578465067011	-4.27998664169571
7.527142849238393	-18.67444646810191	-0.9727365049066385
11.85496978061289	-20.21374135599481	-5.290671089896765
12.86879990785379	-6.373359220567897	-0.6357189403381175
4.803511136118463	31.8644839243041	-2.438063282426473
-27.76013107337037	-16.52627766244109	0.6564262787811231
0.1148821683599737	39.94397233421852	4.025599698582635
1.539448579540406	-0.5584474953823131	2.648487339075577
7.870082135777891	22.54700324791549	-1.315706393029694
-7.509191282512687	0.4616498086137931	-2.615228412998458
29.27769797737686	9.767877556756382	-3.209414398669993
3.43814517040744	-19.65266288337286	-0.9005182071588139
-19.56428505186867	5.665047732321619	-4.177824612427536
-25.25319429617386	11.37671804330326	0.9931036347987873
29.30778439124102	-6.788884318433428	3.626651272689918
-6.51752603971385	9.848459887457775	4.412696308968451
-14.33395407209171	1.296048381412359	1.522954018693384
6.847977802855961	-30.66105744335879	1.012244386784735
-9.060848780022953	14.69715201095698	5.666799419233603
15.9139944316821	11.85467856675482	-2.238847509678372
2.198915900662545	-0.9625127726232896	-1.092185424780489
-14.54201474664739	7.422477704705774	-3.781187969725418
-27.1410945885821	-9.232707550190309	2.823096174048186
23.39151403661844	-19.04412157046633	3.752186943311086
22.1936348697627	-1.524273541709413	2.152911745617078
-14.0884959390389	-16.11568817808225	-3.497491625929266
-11.02229887284336	2.296637836005813	-4.402956002624667
24.13340738476268	12.86835560412142	1.896513820299705
-3.471492424374435	7.697926118364628	-2.96367375166157
18.48613246632724	1.054836837109178	-1.253780197445267
6.832461838843165	13.54032475422076	-3.958056429587294
25.64111462123712	-1.792835034104076	0.1081048117485508
-32.18027241607135	7.150319636427033	0.5615729795302574
22.65716090859007	15.66309935469207	5.573675877368281
2.911306346626997	-4.04084531120033	1.677221943065547
-8.669495697924956	13.20217698528423	-1.431317997490934
-5.641674457676574	17.55029206029152	-4.938532884651811
12.27884703897836	5.563483448559043	-2.464628761587525
-8.947344164643235	4.054250457556884	-0.9481650880540163
0.01440102863140853	-12.92035299465056	0.7170931559986363
-25.41093823402126	-34.91707954700079	-4.292122005857571
6.440805317041683	16.09737148615552	3.453973647719201
4.304976525204349	0.4634623134510814	-1.439355790708264
4.162944254558483	29.97948148087596	-3.249545159982477
-25.4718413523864	-40.28818228705787	4.091551291802908
-16.25688879457307	-3.749215522455121	2.414396279118871
21.97741022845704	24.43412746144448	-2.906362675642665
-5.365496716043046	-7.586516660358578	-0.9240189497824175
-15.15991864698011	-1.252466228231609	-1.586660613911231
-10.02669408344664	17.32659842669966	-5.36506099244574
4.19807194992873	-16.91461242083513	4.793758986191797
-24.90756698395133	5.869143271166806	-6.050225728750165
-20.18677619378996	-2.721190726338607	1.732773534208434
-2.52301288340246	-10.21488938773996	2.008884730888467
-3.344104747567459	19.39012048412094	5.54006671374671
3.792654330702415	-18.40744733214419	0.5366419030353836
20.71990304635761	38.69199805189807	-1.500608863076092
-11.38645454980446	-19.71453039003494	-3.912314051063833
-37.25659698629767	9.650018469197285	3.698102889908265
-19.06607634406627	-13.12340696910401	4.089608747558535
-17.91905722101198	11.57225212696915	-0.7437835356685929
42.37356294449403	-6.757976790424333	3.953026789566427
2.60523477895208	28.78501223116104	4.227718592574941
23.21334836697174	22.09486897825177	5.59246633248379
-12.59605644689854	-7.717956496728533	2.651613185182363
28.93081549680868	-11.63422895055223	-2.62928428365868
8.432853438100334	47.72239434165089	4.867390779825156
34.6371064854789	24.08815565360715	4.051884951209519
-12.08603784251035	-13.3864585314414	-4.763642271980489
0.1425044364296726	-4.902217412041447	3.165074778674273
3.26042683711253	-6.872153751133337	0.2262553935870069
-14.09561724788531	-6.1678879107347	-1.450287497276461
0.8734399810898136	41.96400298252713	1.744512832350851
7.160961820138755	7.258033465826959	2.338215443119503
8.881119186757335	6.710466487798961	3.60459892638023
10.88388300528741	-19.37800278551848	3.895740079320929
-9.420063762459836	26.26477248575539	2.327853854699047
-13.73842508327266	18.69223305480569	-4.821201613498828
13.19001332228132	-13.3454336436463	-1.062703477544764
-44.98115108325075	56.2052619955976	2.767169160768474
-8.41462793867125	-27.52866248469777	2.351012166216987
-24.28023316259501	7.717300519952714	2.876439298828861
-9.816365520889139	21.17106938669623	1.959270130237516
5.61185813159667	26.77547534089573	3.351042920723556
7.594983239891233	30.28604939603261	-3.701097320159958
-17.44849044824987	-5.678339464031145	-1.617322404077238
-6.413390909367882	-16.62703315848469	4.026438149763131
-6.402558151632383	-22.22473335554817	4.697547035804028
8.938174349162695	22.50061139273476	-1.117981800344025
9.055988834658619	32.17602055827179	0.7518388383090303
-15.96282768170359	9.760447702836355	-2.118947944976377
26.10487517514234	12.85526569434386	-3.163638578215629
3.640814477624329	15.73092161016556	-0.8408073585947751
-0.2390013747850606	40.36299366713465	2.594579923897899
10.15052018398418	6.040648744488105	4.679812680883293
-13.98538782219381	14.83678807192466	-3.184740119474025
-22.17334323143637	13.28302937946227	0.6789691535755438
27.64452100950331	-16.67163989255252	2.218320969585369
20.47925992524255	12.54280464714353	0.5074579198379982
-5.995593032101011	-10.53430194896647	-4.296233997307571
7.220525324718057	-3.421430948330095	-0.05090708746587795
-1.787049335614045	-6.631732481997545	-1.792845018301018
-26.22513445853265	0.4386481486260167	2.160260558361245
7.36702681612209	-28.50852940380572	4.308322962932396
20.64739996525491	40.13421690543386	-2.840097384248012
24.24027106496449	2.722825238294729	-3.900108930421928
2.711460906825999	12.52233808310735	2.29160666293453
-1.585110358661078	11.83968927641452	-0.40356044201176
-3.447134638531196	-6.9239399835469	-0.2354721688665568
-3.739314047014402	-39.25902039888268	-5.456752356095368
-17.33147713104228	-20.34592985329231	-4.571972408611117
31.95339832757648	36.72576497592929	-2.965848881844456
4.394756547827437	-18.75568237490985	3.734571521496492
1.459571561962453	0.9768298719544929	-0.1708951646927179
-13.28448763843655	6.127071423921809	-2.72240051492125
15.0664593316148	14.20150761022223	-2.666576033923638
-28.42353445682707	-7.148741951398701	-4.524481336027527
6.579984797164741	3.64444704316562	2.164947007130936
-12.13768872027287	11.50971039240251	-2.094875599117854
-6.268931074673198	2.039404335618189	-0.6600662511772758
-9.666172657487859	-19.68635128028635	-4.656002761656454
-3.924363461043632	-2.99697156418086	4.377193190250579
-12.37639281209529	25.76973751899825	-5.297631412418464
-1.692140511563183	-18.70667739193836	0.5309498275630173
-3.327140707476172	22.64838167754881	-5.795171577855961
14.63225638843127	-17.61512044901025	2.905263606738167
3.390214903978671	-11.02367728590021	3.175735684158482
6.619310288270893	0.2950453598515271	0.2864307073878326
2.428662542998561	-19.40117848943878	1.930690133897682
-16.97566777402508	-0.6191401096058586	-0.6198124790564639
-39.10320841847022	13.02489764941837	-2.934698152169574
7.616540141776139	20.56052669277442	0.5676831014920413
17.5797638572753	2.093119333032588	-3.239849295793102
13.62919858847726	5.252473862562635	0.7651947902979099
14.55462411399919	6.539668314856761	1.827513367077244
22.33468473255641	18.61578681706486	6.364785025780899
-11.49615982044476	-5.019735243823369	-4.740762121230733
-3.009143492532646	11.25107173556509	3.386199628142646
-3.342276961822208	4.234944574115766	0.5834419338961641
-4.585378155903916	12.73495706683054	2.380761274555755
-37.01911099785884	17.31115634022258	-5.066080113314227
-26.86390137197468	9.846849487815108	1.661096680024614
-37.22558293016718	21.81749332947713	-4.202503313543335
-11.99068600838044	-13.08532725381657	1.675344251003085
-3.22919405088762	2.937399252503869	6.376561913965143
2.560923157725607	9.6721869298258	2.705202115839169
-5.556359623372663	-15.30214978423916	1.490039908885922
13.45108152860714	26.00278328335781	-5.174798810342395
11.3460930723695	-1.854169083806105	2.940784750645939
19.89543251339294	9.388452239101703	-0.7217051701153029
-5.731874398095606	5.769474622886564	0.1107997975778036
3.9102855057455	0.6801108004990523	1.161173392180325
-25.78699353453669	3.576823448436287	-4.594085225276556
14.77343608890649	-12.37228505187645	-1.602751943143048
-0.4144448186268215	32.81704532550583	4.51444148602885
-13.63653487432786	66.87936584740007	1.522628217656007
-2.88639850947074	21.16069338503305	-3.793584033753723
35.3035549049733	18.29871979365035	-4.597628029948273
31.12027840562974	-2.825740635302004	0.6300723820459441
-4.004112130030768	28.87624992318415	2.809937781421413
2.644233771553547	22.51717931223122	-0.712225201772582
-12.58778883735669	12.4759390220976	1.391540054371584
-29.2472674319991	19.46402366394172	-3.798772425949631
-19.52726301951336	-2.293054003687117	-0.1455798733515564
22.86667201705276	18.58336356803729	-5.209101850259898
-37.87815387262785	12.27567041786396	3.248941542627271
-1.616972869308503	-21.06974313473302	3.802251020818821
8.095800666417865	12.02834167485115	-5.002269350970103
-10.20724842729986	-3.541233997140044	-1.684661112585991
8.737358935223694	-1.803511756844419	0.8956939016468762
-24.13458674410334	18.22595579652103	-1.912060704128733
-11.04650991400672	6.962955397833571	-1.121181086637008
-2.464212949620626	-3.144418089789881	3.242423785245207
-5.99442475778038	11.20067970226622	-2.654469759808889
12.38932681186144	27.21239378978408	4.212275785114472
15.79708679853904	30.561912259367	5.298478823155129
21.73141721109835	10.24226943044908	-3.358851654222142
47.56660063075849	-9.523444199096128	-1.519993856176815
-32.57988577005452	-10.7742738277651	-4.513437752937856
14.88626420190541	32.30137096745882	4.398892463464403
6.002010120265087	3.915437337430151	1.315098383557125
-16.61280472930561	4.443790193088663	-1.024289955524588
-23.77705181953517	33.79061627676737	3.729445351846339
-0.2451387154871111	28.20955326687522	0.9461084041743604
-3.253898057900697	21.65446730786924	-4.65865022316598
0.9639799733182174	34.04744666349048	-2.734330178797166
3.782287807995574	-16.01686391923559	-0.2264137628952334
-44.52642666203902	12.00109606180354	-3.249879195680984
-11.15303293587621	23.96161773232726	-2.377012407640047
-12.78813235275468	5.762468526372633	4.468126625893596
-16.0675405537241	-13.70625766110607	4.041028693783933
13.1238058823163	9.677640596683894	-1.633285933686402
-2.912013385165489	-2.387782731233096	1.345449309935828
-6.374188449466978	18.67735131192055	4.211310003325357
-5.895521529671117	10.48350466094007	4.912101636826997
-14.65485868295648	37.05826590238237	2.219245851691851
-11.54169112630162	4.620545519981996	3.940371172502761
-27.84169267565058	4.733778600161624	-0.6767386605495963
-3.323031612439122	1.530443076649547	1.816247192211265
5.930562884128022	1.799453049944624	-1.114518243959221
12.17204066487055	16.72707377420759	1.614838790055318
-11.34503003819859	13.37540825335322	4.588078619260336
2.153979076445291	14.99614086477158	-4.763695671921666
-4.707147881807157	-23.72740616160373	4.608628541044913
-5.071830685110806	30.58099790587998	3.018267275206878
-13.56297938385912	-0.2132931945844672	2.586041580978804
-6.40031927688978	-8.417125566024286	4.822855875594533
19.58448532559028	36.85366130773917	4.383009099494722
-0.3713460111524409	11.22526350840913	-2.872877372009675
12.30553194507949	-17.88866351051239	-1.646831846283598
-40.87859220318413	-0.4800220544914618	4.575399119639885
2.966130170505294	-4.113408539025404	0.3248179334214323
18.2001111709051	26.86144075198101	-1.984813906950865
-7.569345026462996	26.31203403482244	-1.694365502986823
-18.4639495318756	26.12773993145629	-1.03456468400533
6.124557460518829	9.077878452930538	-1.16275732824572
13.84117319015789	-12.55489470153083	-0.7775496455374552
-7.553395424038232	8.608095745136398	-4.007324743876304
-7.34457113216628	-11.31468616304925	-2.004708473011916
23.75767748877394	-1.850029348116428	-1.598800402600425
-43.51104608336608	-39.01864872369835	-0.7079441884532781
-29.18357892236651	-15.82284218464067	0.9778026667424463
6.292361233104221	-49.16697086179579	2.636380717717084
-9.454359317990198	35.86687800413986	-1.30573188685791
10.45823146360925	30.86415196042459	-2.04826710578042
-7.179144550254819	20.68289728723463	4.621746833948294
11.48937102407226	2.831421291968158	4.581897943047784
1.272669746586887	15.14461865271416	3.462658115476371
-12.58360338783812	-6.378134090359973	-0.1809940243605476
-1.000532277906419	-2.8434742224403	0.9610343358945644
15.78925904310312	22.51008379873844	5.153431066358467
-11.24005845612952	-15.43047957341157	-1.515318129444578
5.864431515615422	10.49212847989969	-1.535502336453719
-6.159229267248588	-7.327039780560813	-1.729180962825332
-20.25497258584913	-14.88325435048888	0.1682551528792397
-10.42833760050132	-14.77369852699306	-1.382655983045489
-4.405949734244488	-36.49660081639906	-4.59091424155055
2.274545317888036	-11.24941528798082	3.140305711235967
8.72865361776217	5.919316703314522	-1.893593337712851
-7.101181539706825	4.858293924294395	3.691064538806635
0.8274233604315236	-9.598198530637035	2.341776638524564
5.494766431907268	1.453734687389694	-4.663754387805105
-23.72526674061074	-3.37915794788854	0.55225878562765
-25.59260016693777	29.06698976862202	2.946233477676146
15.12345459316798	-17.34056700710265	-1.765584758343196
-8.89200163707166	30.84987927027872	-5.481251002196218
10.37175625395059	16.02433293499062	0.7617090458980419
4.137652534153352	-3.914013200998305	-3.603589725122009
-1.158141350187269	-1.504164101835391	2.774722894234542
-25.12376500982796	21.30859818975447	-1.175150536233533
23.33923941119578	-3.874538812460583	-2.12898996383868
26.27305375565779	-32.19046763512259	-5.920032628485987
-15.09669729680747	-6.36744827008804	-1.85348378219622
-22.84829232203765	-6.954352013999881	-3.087129797088022
-34.86914972523112	-6.641853745048638	3.369910860387523
32.19292420535353	-0.9349424129353932	-2.839969800924935
-3.584584525926152	-21.57147741755443	0.9732151475733565
-18.88441893588783	26.20020966129384	-3.260636722436117
-28.77326769321217	12.60156360506103	3.631409746454991
25.19494648966989	-3.997711112955499	5.615624419786017
8.116877628862873	4.091235727816224	1.724354283092522
-4.942549687717188	-32.04409899637017	-5.586446607485301
5.8929633777588	7.511591969477145	0.8743205618114466
15.25855111461104	-16.71667924779426	-0.7992799877653961
0.2375353119802098	28.9769652496553	-5.566275866376153
17.42535436684251	-7.438510876055868	-4.181750265369221
-14.08340403423692	-15.8799169144598	2.823808331973884
-14.9133958931546	5.296673218626508	-2.323565131472354
-16.85047830445663	-32.12947749323142	3.79762659738768
17.85525320400481	-0.4514271934978992	0.6668735734652265
6.451467432687221	28.92497414737042	-2.725473665259799
7.789211987378097	34.94703797455838	-3.885575935570365
19.43410111921798	-15.84845627928089	5.469719923008459
-10.54981837430961	-14.64827046520012	-3.737167620333065
10.30912294951258	1.839087494742109	-1.865776196494814
3.337606625910988	6.49574598236914	-4.154820144362694
25.82963102594944	-23.22849550037688	-4.768172039231461
26.00202211281318	-10.1441427853425	-0.4857126618269262
24.30720953336068	-4.072530480008925	-2.572816488985017
18.88790636127767	10.78755441000692	5.686296863062253
3.259355313423984	3.988725721323868	-4.470682444283653
-2.031996433250417	-40.50494935997012	-0.4099081704859827
7.297631247294884	-39.57257752539444	2.894659378938376
-23.89919560845029	-17.20928535102706	-1.317482322407994
10.52529738890041	4.281900569237767	-3.728368438780375
18.70945436903288	12.12333937752958	4.404775193985577
-11.92716350736998	14.83543622391306	-0.4925338011232114
-23.59384926408513	5.01569537557665	-5.064134418591693
11.44468114967444	-3.045961768366418	5.243239143584044
-1.720550971245341	0.08848002739233865	2.523924590973197
36.37458957377903	21.22089051227115	0.7829827779904536
-19.03764181449075	-9.012448337114998	-3.747943737357725
0.969687125924841	-7.596162582421952	-3.731680790660918
7.007437058212212	-5.677466467907515	-3.093979476252502
-20.14774575545535	8.414921502862136	-2.137095340434538
7.661687620263426	-7.422263368871628	4.212063577957333
-5.354634933173929	-6.555717182485453	0.09660300039688889
1.026930071553463	27.8300975138322	-1.00887745320801
8.462571676261712	0.6795321843118819	-0.2779265514109363
15.17441987032074	4.240551784355303	-0.4608217403293695
18.31239840090262	2.885687159094795	-0.3789114578162627
16.16495831338702	2.038806088221532	-0.1188069709578076
27.81559039298465	-5.994945999467755	-1.019051489978997
-26.45626017330191	-20.02347996048546	0.1141561177559936
-35.63693251702961	-12.34013557713537	-2.544536849670219
5.864407920371835	46.07527525108466	-2.046248145401413
-8.13063782593243	31.05286881784091	4.661701339250418
-14.03983390894719	7.831250323867282	1.836206978559656
21.01382378707643	2.965660379780277	1.584446433000266
3.662888076575458	-7.775830175960556	2.548347839573426
27.23921245634494	5.009664635173933	1.243615480931415
-2.914465818786616	-26.84315645620255	-1.081916641676695
-13.47175309099247	-8.152254762966404	-3.353076243772992
6.580820315890296	-35.36251577814073	1.969296854222247
12.0926703497299	-0.03208166076815555	5.597848212858788
16.34571978063317	26.71023795371889	2.596447999170217
21.02106458330608	-9.327794351428675	5.437570154014834
8.494406845141217	3.752149751735843	2.728932255785856
-20.5758458930069	-1.183863252354913	0.07679554442874807
-8.401289080129844	-12.23034187634482	1.413464550115292
6.891359331552012	-0.6982338562607056	-1.907795424340266
-9.150711806397752	-2.734168822411544	2.124023856315736
1.485833409102619	-8.583135387907014	-1.935595796257252
-4.04331655823641	4.840470931166692	-1.083027617633453
-6.747173954453385	-31.95001346585269	-2.577374708000656
-1.890321785910243	-12.40508687593995	-1.259760861657448
-4.853798765363099	19.14643404372006	-0.7104121873154451
43.86889044037133	14.10965430489735	2.507806430896832
21.27919861543896	5.310101990774164	-2.714249782823126
-19.98855370301805	6.125391857186196	3.371520309382881
2.530204688571381	5.804311543097708	-0.7015756016129744
-9.047849816875381	-3.160128544550385	-1.44075961308559
16.67133192718109	5.547901274869394	-1.594039842207017
-12.99160128640952	19.31749532683805	-0.09462374849249719
0.1493616149293653	-2.873560803243687	3.486123114963986
1.750286936620226	19.90949470144662	-0.535822029598034
-3.247758800256914	17.63912322535178	0.3456603462808303
1.19301484832549	6.567908131098556	-5.024530785204833
8.509828493790408	15.75404657013707	-3.89598419861864
4.730703903827393	-28.59531923141365	4.829735253332236
11.38094715816002	7.784419434284858	3.888649381045397
3.126575489900663	-25.59072285424931	4.650208468222973
13.318438478978	10.75034188153212	-1.890320569649228
9.120670005539324	1.211591283883854	1.275929556461344
12.88347262223225	-11.990091755846	1.350026251748365
-27.05549760242024	-38.50430983570504	-0.1085138609166175
25.4924851870628	6.823923344677218	-1.199409363372313
21.20075292978383	-17.67156294379355	-2.27831818899162
19.39228957034611	12.7452402665277	-3.504123912611983
18.15119933402161	-4.182926748320432	3.971618394507069
-9.088568026386262	-20.17016423558862	1.502450998779511
-15.18001092271875	57.41163150174663	1.205732126906407
6.597588530788149	11.15637236125817	-1.739373779948745
9.095566540071582	-25.19282686738288	-0.5874280242717627
21.16118979887092	6.951307658990679	-0.4260871680918987
-32.48824055772292	12.28694639317699	-0.4144043421373649
-2.68366355607306	-16.77414452047063	3.220770389027927
0.4759733664800777	-1.257798451837264	0.01132676047273438
-30.40910663180922	4.332679343176795	-4.136932447319622
12.7892819465603	12.97957049547712	1.380890890164175
9.424776002066139	7.065522792795462	-3.60405276818194
0.9925680052023973	-11.06709767766304	-4.900010914076215
17.99718270399584	-9.211892621591554	3.587283178791522
0.08287251545155735	-12.90730342357414	-2.503368322550951
-11.42746407068332	7.38109666844879	2.758764208247963
16.72478759633312	-9.987001004535735	-1.160318256681757
-14.29290028824493	-4.238901112088996	0.5049320580439139
32.21158752972158	-0.09175361092218989	0.5853442948776387
-5.522581131988974	-37.93376842043337	-4.677677154447887
0.225359988584831	-9.731236077239675	-1.097224890813225
0.9784128600265136	15.20051977071002	2.504515738692355
11.30261989748123	-0.7778677677268164	0.4936634531711178
37.451384238108	-0.2779387435408485	4.581490071397186
1.999587724730306	6.028730648336816	0.839283611252736
-8.555721634626121	14.16284800181166	-4.519085016474176
-32.47808239105961	-1.610844999738147	0.7605713220311104
16.15690153003681	-9.196072601852933	-3.837237935606337
22.09608133621555	1.521233389759132	2.477537501230609
26.26681175967682	9.232448055688501	3.801922140363629
11.79973458047014	11.15061118034671	-2.901576853357346
17.87412429973522	0.7858618407043442	1.511490264255557
29.95181433735416	-8.30313259516833	0.916261881217268
3.806740669161135	-6.089041734905932	-3.244382807286649
19.35632915101112	17.88914195308431	3.725493416609261
-26.1222426286903	29.01234709052318	-0.0164919520727328
7.34461695128135	14.16216282709549	3.833758703945271
11.10910487393846	37.16585991233537	3.14009965714038
16.2550902901683	-2.478157929238018	-1.260808539343937
-9.63238969696682	19.08362950682641	1.111196709331118
11.24071261086502	34.28564380761251	4.225633037043723
-4.556753271631951	8.766788197215524	0.9873969323933696
-9.331704313354425	39.60371527573929	4.802805352630177
9.199658873537532	5.199376362329308	2.81773098218262
9.419852227997342	36.30827355105367	1.380536492541682
24.13850081157856	4.421800677944022	4.886222525639268
7.732508768094474	-23.37358380490911	-0.9984610146376254
12.90725281662291	-2.73552617784593	-0.2461681730579585
-7.024385421909246	13.86930023543558	3.262529953196598
6.444101494829928	11.88348839641553	2.744766591489229
4.241414149245061	-23.5566186800603	5.163262561801853
-18.06608379553051	-5.60501571171876	3.512456677481522
38.83864746782852	-16.50462661804649	-1.005173470312804
-9.450437556719352	39.53127420293185	3.180105522647309
8.17111364435384	45.0059955594134	3.038613194227122
-3.142243271693568	0.5167465265839726	1.339941183803679
8.366764346277421	-42.21533071068119	-0.2109030909371223
36.44840476335924	-1.716685192054639	-0.6209481572731664
-11.59721672530307	-16.06963825304963	-0.06882559317150017
11.40973601546112	8.471980833355465	-3.659476965107169
-7.799713531136518	15.26982230078375	2.117405023891584
40.77425881996737	-11.53416508212733	-2.872284075291932
24.71714245099552	20.7933316564186	2.041138265235365
-14.31992275007098	-2.703487815335276	-2.335560368653425
18.31147405705433	12.79929467169571	3.383426904818305
-12.80926382523014	7.520927700726346	-0.658816706482325
-17.03831976577599	10.58177381888982	0.6760167306289789
10.14196621663851	14.37470782105826	4.098420827230531
14.87752726278248	0.823462400725021	-2.181923180446045
-3.183669060143016	13.30721721788885	4.403711875854015
-9.587315078079831	-8.347576631931688	0.002833384368445475
-9.622945994790459	12.34332401538298	-4.629095638310611
16.33841563621533	23.8892363681928	-2.367198685090995
-6.921788825606837	-6.839769681729588	-2.677737759146638
-1.772916725557123	-14.82490975549459	1.266268888302279
11.62407463183644	-13.90908673815429	2.227473781164698
-23.54119812883498	-27.34239096250331	2.056402996974
-33.53362001082806	-17.67071046684847	3.966595800267475
17.45605789679106	-1.596587589802028	-0.2572596410754385
-5.318098304420817	-21.01610532593866	-3.671905228495692
11.31645241598627	-11.23794636107005	-0.5664716954343482
19.91785305067878	42.23556977971592	-2.746304569300226
-24.27500314107253	28.86556474193927	-3.773306223191207
11.76290915710839	13.35913136708563	3.130185343883849
44.95849192319309	0.7499371201732429	-4.139999664109146
-3.349264092883019	25.86762704686321	1.66452015452098
-0.4187599366063961	-2.297673462051904	-4.504625197639828
-13.37925409125179	22.20908617153738	0.8187686823774387
-2.08420180915865	23.69806710267433	-2.785309082549056
21.30100145260799	-27.84532871535069	-1.158981002121946
-4.820175815001366	15.72150664562358	-1.271155077358605
18.17548016314379	30.67717603542777	4.771231823880226
-4.127338587120279	9.835422988375772	-4.512308880966137
-20.57343143709054	11.83080179025417	2.037287689047008
18.81432790635102	10.93420100440245	2.377977095497857
-4.886457679513906	30.0746544862637	-2.878311008121849
7.710976393707228	24.36183119094924	0.5236645060127174
-4.275906384177513	1.530763861490494	4.279929565498563
34.8484615835369	16.4482734387741	-1.910483172396158
7.236678572092517	34.17402328350596	2.800709064118575
5.335173392016647	4.112468062574019	5.094552346272386
-2.10924153691161	-0.6464049267582306	-1.432049771677639
34.94020010368087	21.76340739047181	-0.1790754218585545
-15.75604094099253	1.046831615176318	-0.4412074446677984
15.49671780923421	11.47508016340445	2.581139566376781
-10.17214378947392	14.42294081053734	0.9803509740625376
-4.334453318919955	4.625604389747419	3.822348132729577
-16.45924189072112	7.891572155710233	-3.726262165279999
-9.599874378787275	3.091755742300471	-0.3545322855467941
20.33397988006462	5.81830120799081	-0.2590922817120761
5.003572326665837	22.79603698276914	-2.780735524930194
6.957962945755407	7.116325719375603	-1.880964079312831
-5.521641386812754	-15.6099053248761	0.3881649228743712
-7.442958812415418	12.48163190959042	-4.993997297389597
-15.48991643586217	8.584179021558537	1.461004634713721
23.69158117109898	25.3043089003305	1.811795379966591
-5.133451838279131	-6.188567714346517	1.179543222067882
-21.70371922925146	9.096237205155107	-3.368860729737107
42.62516482826349	1.402283877553454	-2.279285529954324
11.12267118399037	-32.4989011746365	-2.958846754673809
11.22320757307997	-0.728065102361281	-2.373496064357359
-2.916481990087508	31.49190172716108	0.08208380122665998
-5.338560829032082	-7.777760427677886	5.540719655808137
13.28706843857683	-3.278099442180151	4.776646675029887
-12.98980286680168	14.71780461641022	-0.3741124149877348
18.29484212268074	-12.29287742250626	3.691840547416274
-9.854364004638107	11.7455297271722	-3.63297028206298
-13.68645954248502	-3.842734261322667	5.129033702053233
